	16.0	17.0	18.0	19.0	20.0	21.0	22.0	23.0	24.0	25.0	26.0	27.0	28.0	29.0	30.0	31.0	32.0	33.0	34.0	35.0	36.0
OSMOTIC_STRESS_T0_REP1_T1_1	1.0	3.0	23.0	51.0	71.0	147.0	279.0	335.0	459.0	481.0	566.0	588.0	699.0	748.0	976.0	1189.0	1689.0	2820.0	6882.0	28437.0	53556.0
	2.0	3.0	4.0	5.0	6.0	7.0	8.0	9.0	10.0	11.0	12.0	13.0	14.0	15.0	16.0	17.0	18.0	19.0	20.0	21.0	22.0	23.0	24.0	25.0	26.0	27.0	28.0	29.0	30.0	31.0	32.0	33.0	34.0	35.0	36.0
OSMOTIC_STRESS_T0_REP1_T1_2	85.0	8.0	9.0	9.0	0.0	6.0	3.0	9.0	5.0	7.0	17.0	19.0	37.0	41.0	39.0	56.0	106.0	159.0	219.0	307.0	380.0	495.0	515.0	583.0	665.0	747.0	799.0	943.0	1121.0	1442.0	1873.0	3008.0	5965.0	20874.0	59449.0
	15.0	16.0	17.0	18.0	19.0	20.0	21.0	22.0	23.0	24.0	25.0	26.0	27.0	28.0	29.0	30.0	31.0	32.0	33.0	34.0	35.0	36.0
OSMOTIC_STRESS_T0_REP2_T1_1	1.0	4.0	18.0	45.0	82.0	130.0	176.0	294.0	395.0	463.0	522.0	575.0	599.0	745.0	838.0	946.0	1271.0	1636.0	2771.0	6814.0	27934.0	53741.0
	2.0	3.0	4.0	5.0	6.0	7.0	8.0	9.0	10.0	11.0	12.0	13.0	14.0	15.0	16.0	17.0	18.0	19.0	20.0	21.0	22.0	23.0	24.0	25.0	26.0	27.0	28.0	29.0	30.0	31.0	32.0	33.0	34.0	35.0	36.0
OSMOTIC_STRESS_T0_REP2_T1_2	91.0	10.0	14.0	4.0	5.0	1.0	7.0	7.0	8.0	11.0	18.0	29.0	33.0	28.0	64.0	80.0	152.0	233.0	321.0	389.0	453.0	514.0	615.0	650.0	718.0	826.0	923.0	1077.0	1269.0	1664.0	2230.0	3728.0	7201.0	22373.0	54254.0
	15.0	16.0	17.0	18.0	19.0	20.0	21.0	22.0	23.0	24.0	25.0	26.0	27.0	28.0	29.0	30.0	31.0	32.0	33.0	34.0	35.0	36.0
OSMOTIC_STRESS_T15_REP1_T1_1	1.0	1.0	6.0	11.0	22.0	77.0	121.0	170.0	245.0	288.0	346.0	476.0	491.0	618.0	727.0	916.0	1140.0	1655.0	2789.0	7062.0	29238.0	53600.0
	2.0	3.0	4.0	5.0	6.0	7.0	8.0	9.0	10.0	11.0	12.0	13.0	14.0	15.0	16.0	17.0	18.0	19.0	20.0	21.0	22.0	23.0	24.0	25.0	26.0	27.0	28.0	29.0	30.0	31.0	32.0	33.0	34.0	35.0	36.0
OSMOTIC_STRESS_T15_REP1_T1_2	88.0	9.0	11.0	7.0	8.0	2.0	5.0	2.0	6.0	6.0	7.0	26.0	36.0	37.0	55.0	77.0	82.0	117.0	172.0	257.0	285.0	388.0	440.0	500.0	575.0	671.0	809.0	901.0	1062.0	1424.0	2049.0	3135.0	6454.0	21854.0	58443.0
	13.0	14.0	15.0	16.0	17.0	18.0	19.0	20.0	21.0	22.0	23.0	24.0	25.0	26.0	27.0	28.0	29.0	30.0	31.0	32.0	33.0	34.0	35.0	36.0
OSMOTIC_STRESS_T15_REP2_T1_1	1.0	0.0	0.0	1.0	9.0	6.0	13.0	57.0	120.0	209.0	304.0	414.0	474.0	538.0	627.0	699.0	871.0	896.0	1166.0	1630.0	2656.0	6353.0	28074.0	54882.0
	2.0	3.0	4.0	5.0	6.0	7.0	8.0	9.0	10.0	11.0	12.0	13.0	14.0	15.0	16.0	17.0	18.0	19.0	20.0	21.0	22.0	23.0	24.0	25.0	26.0	27.0	28.0	29.0	30.0	31.0	32.0	33.0	34.0	35.0	36.0
OSMOTIC_STRESS_T15_REP2_T1_2	72.0	13.0	12.0	5.0	9.0	4.0	2.0	4.0	4.0	7.0	18.0	33.0	39.0	43.0	71.0	99.0	115.0	168.0	223.0	334.0	422.0	491.0	573.0	616.0	714.0	794.0	914.0	1061.0	1259.0	1613.0	2231.0	3524.0	6774.0	21690.0	56049.0

