	1	2	3	4	5	6	7	8	9	10	11	12	13	14	15	16	17	18	19	20	21	22	23	24	25	26	27	28	29	30	31	32	33	34	35	36	37	38	39	40	41	42	43	44	45	46	47	48	49	50	51	52	53	54	55	56	58	59	64	65	67	69	73	76
OSMOTIC_STRESS_T0_REP1_T1_1 - Adapter 1	0.5906	0.73728	0.94848	2.232462877624168	7.226202661207779	29.836065573770494	109.50819672131148	462.6666666666667	1717.5	6980.0	731.0	710.0	730.0	788.0	919.0	779.0	798.0	725.0	789.0	889.0	876.0	890.0	658.0	956.0	1303.0	1253.0	899.0	700.0	821.0	905.0	914.0	966.0	738.0	858.0	1436.0	1709.0	868.0	513.0	369.0	310.0	187.0	129.0	38.0	27.0	110.0	159.0	158.0	38.0	36.0	22.0	3.0	1.0	2.0	1.0	2.0	1.0	1.0	2.0	2.0	2.0	1.0	1.0	1.0	1.0
	1	2	3	4	5	6	7	8	9	10	11	12	13	14	15	16	17	18	19	20	21	22	23	24	25	26	27	28	29	30	31	32	33	34	35	36	37	38	39	40	41	42	43	44	45	46	47	48	49	50	51	54	55	56	57	58	59	64	66	68	74
OSMOTIC_STRESS_T0_REP1_T1_2 - Adapter 1	0.6004	0.73952	0.92672	2.1735791090629797	7.256908904810644	29.4672131147541	108.85245901639345	472.0	1692.5	7050.0	715.0	721.0	705.0	792.0	868.0	845.0	780.0	729.0	836.0	1282.0	388.0	790.0	773.0	966.0	1339.0	1128.0	858.0	819.0	1037.0	630.0	943.0	894.0	798.0	849.0	1407.0	1636.0	928.0	507.0	372.0	299.0	176.0	90.0	37.0	33.0	62.0	241.0	160.0	39.0	37.0	21.0	5.0	1.0	1.0	2.0	1.0	1.0	1.0	1.0	1.0	4.0	1.0
	1	2	3	4	5	6	7	8	9	10	11	12	13	14	15	16	17	18	19	20	21	22	23	24	25	26	27	28	29	30	31	32	33	34	35	36	37	38	39	40	41	42	43	44	45	46	47	48	49	50	51	52	53	54	56	57	58	59	63	65	67	68	72	76
OSMOTIC_STRESS_T0_REP2_T1_1 - Adapter 1	0.63	0.79376	0.94464	2.1274961597542243	6.673490276356192	24.34426229508197	89.01639344262296	420.0	1532.5	6240.0	643.0	647.0	700.0	613.0	716.0	669.0	703.0	682.0	748.0	780.0	818.0	888.0	647.0	790.0	770.0	904.0	819.0	644.0	809.0	828.0	788.0	950.0	733.0	718.0	742.0	861.0	611.0	643.0	525.0	437.0	244.0	164.0	93.0	23.0	44.0	41.0	80.0	71.0	59.0	40.0	7.0	5.0	3.0	1.0	3.0	3.0	2.0	1.0	1.0	1.0	1.0	2.0	1.0	1.0
	1	2	3	4	5	6	7	8	9	10	11	12	13	14	15	16	17	18	19	20	21	22	23	24	25	26	27	28	29	30	31	32	33	34	35	36	37	38	39	40	41	42	43	44	45	46	47	48	49	50	51	52	53	54	55	56	57	58	59	63	65	66	67	68	73
OSMOTIC_STRESS_T0_REP2_T1_2 - Adapter 1	0.64124	0.77984	0.9856	2.0660522273425497	6.571136131013306	24.672131147540984	87.70491803278689	412.0	1520.0	6180.0	619.0	650.0	673.0	634.0	680.0	712.0	687.0	673.0	786.0	1145.0	387.0	792.0	747.0	777.0	776.0	868.0	737.0	772.0	962.0	587.0	831.0	823.0	853.0	716.0	715.0	770.0	674.0	648.0	545.0	404.0	254.0	129.0	102.0	53.0	40.0	51.0	82.0	70.0	59.0	47.0	8.0	7.0	5.0	1.0	2.0	4.0	5.0	2.0	3.0	1.0	1.0	1.0	1.0	1.0	1.0
	1	2	3	4	5	6	7	8	9	10	11	12	13	14	15	16	17	18	19	20	21	22	23	24	25	26	27	28	29	30	31	32	33	34	35	36	37	38	39	40	41	42	43	44	45	46	47	48	49	50	53	55	59	65	67	68	69	74
OSMOTIC_STRESS_T15_REP1_T1_1 - Adapter 1	0.72108	0.84208	0.9664	1.971326164874552	6.120777891504606	23.278688524590166	89.672131147541	365.3333333333333	1357.5	5100.0	489.0	505.0	493.0	470.0	537.0	513.0	594.0	541.0	517.0	542.0	498.0	584.0	416.0	469.0	451.0	537.0	561.0	391.0	490.0	458.0	410.0	553.0	329.0	417.0	315.0	276.0	333.0	313.0	283.0	179.0	74.0	63.0	17.0	9.0	21.0	10.0	19.0	21.0	15.0	5.0	1.0	1.0	1.0	3.0	1.0	6.0	1.0	1.0
	1	2	3	4	5	6	7	8	9	10	11	12	13	14	15	16	17	18	19	20	21	22	23	24	25	26	27	28	29	30	31	32	33	34	35	36	37	38	39	40	41	42	43	44	45	46	47	48	49	50	52	56	59	66	67	68	70	73
OSMOTIC_STRESS_T15_REP1_T1_2 - Adapter 1	0.72208	0.86096	1.00672	1.9738863287250383	5.987717502558853	22.213114754098363	89.672131147541	352.0	1370.0	5030.0	479.0	509.0	479.0	479.0	507.0	577.0	568.0	531.0	548.0	778.0	209.0	525.0	481.0	469.0	459.0	480.0	502.0	513.0	596.0	314.0	426.0	435.0	436.0	373.0	349.0	285.0	314.0	334.0	271.0	177.0	81.0	46.0	18.0	18.0	14.0	20.0	21.0	21.0	16.0	4.0	1.0	1.0	2.0	1.0	1.0	1.0	3.0	1.0
	1	2	3	4	5	6	7	8	9	10	11	12	13	14	15	16	17	18	19	20	21	22	23	24	25	26	27	28	29	30	31	32	33	34	35	36	37	38	39	40	41	42	43	44	45	46	47	48	49	50	51	52	63	64	65	68
OSMOTIC_STRESS_T15_REP2_T1_1 - Adapter 1	0.62956	0.77808	0.9184	2.0814132104454686	6.816786079836233	27.5	109.672131147541	458.0	1685.0	6610.0	660.0	659.0	705.0	650.0	732.0	677.0	756.0	743.0	834.0	802.0	833.0	886.0	636.0	755.0	782.0	887.0	940.0	780.0	929.0	919.0	870.0	1025.0	653.0	791.0	640.0	673.0	654.0	574.0	469.0	341.0	172.0	109.0	50.0	19.0	50.0	22.0	52.0	54.0	45.0	16.0	3.0	1.0	1.0	1.0	3.0	3.0
	1	2	3	4	5	6	7	8	9	10	11	12	13	14	15	16	17	18	19	20	21	22	23	24	25	26	27	28	29	30	31	32	33	34	35	36	37	38	39	40	41	42	43	44	45	46	47	48	49	50	51	53	59	60	63	65	68
OSMOTIC_STRESS_T15_REP2_T1_2 - Adapter 1	0.61584	0.74672	0.9504	2.1274961597542243	6.888433981576253	27.459016393442624	106.88524590163935	463.3333333333333	1665.0	6500.0	655.0	673.0	670.0	661.0	697.0	724.0	721.0	746.0	871.0	1144.0	392.0	792.0	743.0	760.0	803.0	830.0	878.0	888.0	1082.0	679.0	908.0	850.0	787.0	753.0	644.0	688.0	614.0	581.0	446.0	360.0	164.0	75.0	48.0	34.0	36.0	47.0	59.0	57.0	43.0	19.0	2.0	1.0	1.0	1.0	1.0	1.0	5.0

