	18.0	19.0	20.0	21.0	22.0	23.0	24.0	25.0	26.0	27.0	28.0	29.0	30.0	31.0	32.0	33.0	34.0	35.0	36.0
OSMOTIC_STRESS_T0_REP1_T1_1	6.0	24.0	33.0	99.0	229.0	272.0	405.0	421.0	550.0	562.0	651.0	735.0	937.0	1238.0	1708.0	2776.0	6958.0	29177.0	52975.0
	2.0	3.0	4.0	5.0	6.0	7.0	8.0	9.0	10.0	11.0	12.0	13.0	14.0	15.0	16.0	17.0	18.0	19.0	20.0	21.0	22.0	23.0	24.0	25.0	26.0	27.0	28.0	29.0	30.0	31.0	32.0	33.0	34.0	35.0	36.0
OSMOTIC_STRESS_T0_REP1_T1_2	12.0	10.0	3.0	8.0	0.0	5.0	4.0	7.0	7.0	2.0	6.0	5.0	11.0	18.0	22.0	26.0	65.0	93.0	175.0	263.0	332.0	461.0	496.0	555.0	641.0	711.0	792.0	938.0	1074.0	1420.0	1867.0	3026.0	6095.0	22515.0	58091.0
	17.0	18.0	19.0	20.0	21.0	22.0	23.0	24.0	25.0	26.0	27.0	28.0	29.0	30.0	31.0	32.0	33.0	34.0	35.0	36.0
OSMOTIC_STRESS_T0_REP2_T1_1	2.0	5.0	21.0	52.0	96.0	199.0	288.0	383.0	453.0	533.0	563.0	703.0	847.0	1013.0	1267.0	1655.0	2789.0	6809.0	28654.0	53378.0
	2.0	3.0	4.0	5.0	6.0	7.0	8.0	9.0	10.0	11.0	12.0	13.0	14.0	15.0	16.0	17.0	18.0	19.0	20.0	21.0	22.0	23.0	24.0	25.0	26.0	27.0	28.0	29.0	30.0	31.0	32.0	33.0	34.0	35.0	36.0
OSMOTIC_STRESS_T0_REP2_T1_2	17.0	10.0	12.0	3.0	4.0	1.0	7.0	6.0	4.0	6.0	9.0	9.0	7.0	9.0	25.0	37.0	72.0	117.0	198.0	288.0	372.0	438.0	580.0	642.0	688.0	837.0	921.0	1077.0	1246.0	1685.0	2284.0	3773.0	7403.0	23925.0	52998.0
	17.0	18.0	19.0	20.0	21.0	22.0	23.0	24.0	25.0	26.0	27.0	28.0	29.0	30.0	31.0	32.0	33.0	34.0	35.0	36.0
OSMOTIC_STRESS_T15_REP1_T1_1	2.0	3.0	11.0	44.0	88.0	138.0	213.0	240.0	313.0	421.0	432.0	587.0	699.0	887.0	1182.0	1626.0	2776.0	6973.0	29487.0	53647.0
	2.0	3.0	4.0	5.0	6.0	7.0	8.0	9.0	10.0	11.0	12.0	13.0	14.0	15.0	16.0	17.0	18.0	19.0	20.0	21.0	22.0	23.0	24.0	25.0	26.0	27.0	28.0	29.0	30.0	31.0	32.0	33.0	34.0	35.0	36.0
OSMOTIC_STRESS_T15_REP1_T1_2	16.0	9.0	8.0	7.0	6.0	5.0	3.0	3.0	2.0	1.0	3.0	8.0	12.0	15.0	37.0	42.0	49.0	77.0	140.0	221.0	266.0	376.0	427.0	483.0	565.0	627.0	762.0	906.0	1045.0	1396.0	2017.0	3130.0	6434.0	22623.0	58048.0
	17.0	18.0	19.0	20.0	21.0	22.0	23.0	24.0	25.0	26.0	27.0	28.0	29.0	30.0	31.0	32.0	33.0	34.0	35.0	36.0
OSMOTIC_STRESS_T15_REP2_T1_1	2.0	4.0	9.0	35.0	93.0	174.0	252.0	361.0	407.0	513.0	565.0	663.0	782.0	942.0	1130.0	1627.0	2692.0	6464.0	28557.0	54465.0
	2.0	3.0	4.0	5.0	6.0	7.0	8.0	9.0	10.0	11.0	12.0	13.0	14.0	15.0	16.0	17.0	18.0	19.0	20.0	21.0	22.0	23.0	24.0	25.0	26.0	27.0	28.0	29.0	30.0	31.0	32.0	33.0	34.0	35.0	36.0
OSMOTIC_STRESS_T15_REP2_T1_2	10.0	14.0	7.0	5.0	9.0	4.0	1.0	2.0	4.0	4.0	6.0	14.0	16.0	14.0	31.0	54.0	73.0	110.0	195.0	269.0	394.0	470.0	540.0	598.0	645.0	747.0	900.0	1064.0	1240.0	1562.0	2216.0	3517.0	6879.0	23047.0	55076.0

