	1	2	3	4	5	6	7	8	9	10	11	12	13	14	15	16	17	18	19	20	21	22	23	24	25	26	27	28	29	30	31	32	33	34	35	36	37	38	39	40	41	42	43	44	45	46	47	48	49	50	51	52	53	54	55	56	58	59	64	65	67	69	73	76
OSMOTIC_STRESS_T0_REP1_T1_1 - Adapter 1	14765	4608	1482	872	706	728	668	694	687	698	731	710	730	788	919	779	798	725	789	889	876	890	658	956	1303	1253	899	700	821	905	914	966	738	858	1436	1709	868	513	369	310	187	129	38	27	110	159	158	38	36	22	3	1	2	1	2	1	1	2	2	2	1	1	1	1
	1	2	3	4	5	6	7	8	9	10	11	12	13	14	15	16	17	18	19	20	21	22	23	24	25	26	27	28	29	30	31	32	33	34	35	36	37	38	39	40	41	42	43	44	45	46	47	48	49	50	51	54	55	56	57	58	59	64	66	68	74
OSMOTIC_STRESS_T0_REP1_T1_2 - Adapter 1	15010	4622	1448	849	709	719	664	708	677	705	715	721	705	792	868	845	780	729	836	1282	388	790	773	966	1339	1128	858	819	1037	630	943	894	798	849	1407	1636	928	507	372	299	176	90	37	33	62	241	160	39	37	21	5	1	1	2	1	1	1	1	1	4	1
	1	2	3	4	5	6	7	8	9	10	11	12	13	14	15	16	17	18	19	20	21	22	23	24	25	26	27	28	29	30	31	32	33	34	35	36	37	38	39	40	41	42	43	44	45	46	47	48	49	50	51	52	53	54	56	57	58	59	63	65	67	68	72	76
OSMOTIC_STRESS_T0_REP2_T1_1 - Adapter 1	15750	4961	1476	831	652	594	543	630	613	624	643	647	700	613	716	669	703	682	748	780	818	888	647	790	770	904	819	644	809	828	788	950	733	718	742	861	611	643	525	437	244	164	93	23	44	41	80	71	59	40	7	5	3	1	3	3	2	1	1	1	1	2	1	1
	1	2	3	4	5	6	7	8	9	10	11	12	13	14	15	16	17	18	19	20	21	22	23	24	25	26	27	28	29	30	31	32	33	34	35	36	37	38	39	40	41	42	43	44	45	46	47	48	49	50	51	52	53	54	55	56	57	58	59	63	65	66	67	68	73
OSMOTIC_STRESS_T0_REP2_T1_2 - Adapter 1	16031	4874	1540	807	642	602	535	618	608	618	619	650	673	634	680	712	687	673	786	1145	387	792	747	777	776	868	737	772	962	587	831	823	853	716	715	770	674	648	545	404	254	129	102	53	40	51	82	70	59	47	8	7	5	1	2	4	5	2	3	1	1	1	1	1	1
	1	2	3	4	5	6	7	8	9	10	11	12	13	14	15	16	17	18	19	20	21	22	23	24	25	26	27	28	29	30	31	32	33	34	35	36	37	38	39	40	41	42	43	44	45	46	47	48	49	50	53	55	59	65	67	68	69	74
OSMOTIC_STRESS_T15_REP1_T1_1 - Adapter 1	18027	5263	1510	770	598	568	547	548	543	510	489	505	493	470	537	513	594	541	517	542	498	584	416	469	451	537	561	391	490	458	410	553	329	417	315	276	333	313	283	179	74	63	17	9	21	10	19	21	15	5	1	1	1	3	1	6	1	1
	1	2	3	4	5	6	7	8	9	10	11	12	13	14	15	16	17	18	19	20	21	22	23	24	25	26	27	28	29	30	31	32	33	34	35	36	37	38	39	40	41	42	43	44	45	46	47	48	49	50	52	56	59	66	67	68	70	73
OSMOTIC_STRESS_T15_REP1_T1_2 - Adapter 1	18052	5381	1573	771	585	542	547	528	548	503	479	509	479	479	507	577	568	531	548	778	209	525	481	469	459	480	502	513	596	314	426	435	436	373	349	285	314	334	271	177	81	46	18	18	14	20	21	21	16	4	1	1	2	1	1	1	3	1
	1	2	3	4	5	6	7	8	9	10	11	12	13	14	15	16	17	18	19	20	21	22	23	24	25	26	27	28	29	30	31	32	33	34	35	36	37	38	39	40	41	42	43	44	45	46	47	48	49	50	51	52	63	64	65	68
OSMOTIC_STRESS_T15_REP2_T1_1 - Adapter 1	15739	4863	1435	813	666	671	669	687	674	661	660	659	705	650	732	677	756	743	834	802	833	886	636	755	782	887	940	780	929	919	870	1025	653	791	640	673	654	574	469	341	172	109	50	19	50	22	52	54	45	16	3	1	1	1	3	3
	1	2	3	4	5	6	7	8	9	10	11	12	13	14	15	16	17	18	19	20	21	22	23	24	25	26	27	28	29	30	31	32	33	34	35	36	37	38	39	40	41	42	43	44	45	46	47	48	49	50	51	53	59	60	63	65	68
OSMOTIC_STRESS_T15_REP2_T1_2 - Adapter 1	15396	4667	1485	831	673	670	652	695	666	650	655	673	670	661	697	724	721	746	871	1144	392	792	743	760	803	830	878	888	1082	679	908	850	787	753	644	688	614	581	446	360	164	75	48	34	36	47	59	57	43	19	2	1	1	1	1	1	5

